HDR NASA-SSH Global Mean Sea Level from Simple Gridded Sea Surface Height 
HDR 
HDR This file contains a time series of globally-averaged sea level change, or 
HDR "global mean sea level" (GMSL) in units of centimeters.  The estimate is 
HDR based on satellite observations of sea surface height anomaly, measured by 
HDR reference radar altimeter missions such as TOPEX/Poseidon, the Jason 
HDR series, and Sentinel-6. The indicator values were calculated using NASA-SSH 
HDR Simple Gridded Sea Surface Height from Standardized Reference Missions Only 
HDR Version 1.1 https://podaac.jpl.nasa.gov/dataset/NASA_SSH_REF_SIMPLE_GRID_V11 . 
HDR 
HDR GMSL was calculated as the area-weighted average over each map in the time 
HDR series of Simple Gridded Sea Surface Height.  Because maps are computed  
HDR using 10-days of observations, but are computed once every 7 days, there is 
HDR a small amount of overlap between data used to compute successive time 
HDR steps. A version of the estimate smoothed over 60 days is also provided.
HDR The estimates have been shifted to have zero mean over calendar year 1993.
HDR 
HDR Expert users, please note that this estimate has NOT been adjusted for 
HDR Glacial Isostatic Adjustment, to account for the slight long-term  
HDR depression of the sea floor.  Users who study the sea level budget will 
HDR need to account for this effect in order to properly evaluate closure of 
HDR the budget. 
HDR
HDR If you use these data please cite:
HDR NASA-SSH. 2025. Global Mean Sea Level from Simple Gridded Sea Surface  
HDR Height from Standardized Reference Missions Only Version 1. PO.DAAC, CA, 
HDR USA. Dataset accessed [YYYY-MM-DD] at https://doi.org/10.5067/NSIND-GMSV1.
HDR 
HDR This file was created on 2026-08-24.
HDR
HDR ====================
HDR 
HDR Global Mean Sea Level from Gridded Sea Surface Height
HDR 
HDR column description
HDR 1 year+fraction of year
HDR 2 GMSL (cm)
HDR 3 GMSL with 60-day smoothing applied (cm)
HDR 
HDR Missing or bad value flag: 9.96921E36f
HDR
HDR Header_End-------------------------------------
1993.0109589    -0.192803    -0.428032
1993.0301370    -0.252074    -0.469933
1993.0493151    -0.391941    -0.493441
1993.0684932    -0.599972    -0.487581
1993.0876712    -0.703369    -0.462927
1993.1068493    -0.679439    -0.475222
1993.1260274    -0.634490    -0.483707
1993.1452055    -0.446556    -0.492458
1993.1643836    -0.265698    -0.500408
1993.1835616    -0.303460    -0.499917
1993.2027397    -0.328441    -0.491802
1993.2219178    -0.470693    -0.475708
1993.2410959    -0.671524    -0.469034
1993.2602740    -0.698952    -0.490157
1993.2794521    -0.606404    -0.515099
1993.2986301    -0.489641    -0.545986
1993.3178082    -0.386492    -0.565291
1993.3369863    -0.455810    -0.565857
1993.3561644    -0.527930    -0.562323
1993.3753425    -0.606424    -0.557775
1993.3945205    -0.644440    -0.534448
1993.4136986    -0.676624    -0.515175
1993.4328767    -0.667143    -0.484525
1993.4520548    -0.565470    -0.439022
1993.4712329    -0.279694    -0.383239
1993.4904110    -0.213040    -0.348629
1993.5095890    -0.179955    -0.299616
1993.5287671    -0.118405    -0.232633
1993.5479452    -0.104378    -0.155621
1993.5671233    -0.332954    -0.087613
1993.5863014    -0.235503    -0.005372
1993.6054795    -0.064297     0.078507
1993.6246575     0.127637     0.148485
1993.6438356     0.332379     0.223462
1993.6630137     0.527126     0.327885
1993.6821918     0.574960     0.432908
1993.7013699     0.511396     0.546324
1993.7205479     0.570417     0.642645
1993.7397260     0.606852     0.716607
1993.7589041     0.709705     0.762414
1993.7780822     0.956440     0.781921
1993.7972603     0.994532     0.804861
1993.8164384     0.998035     0.806358
1993.8356164     0.939387     0.797409
1993.8547945     0.750520     0.791965
1993.8739726     0.717861     0.776488
1993.8931507     0.583889     0.770498
1993.9123288     0.526312     0.764949
1993.9315068     0.660707     0.734493
1993.9506849     0.817147     0.694280
1993.9698630     0.940623     0.652794
1993.9890411     0.948092     0.622687
1994.0082192     0.665287     0.581494
1994.0273973     0.388603     0.510951
1994.0465753     0.344487     0.399719
1994.0657534     0.312922     0.287801
1994.0849315     0.155576     0.201496
1994.1041096     0.025822     0.153482
1994.1232877    -0.183937     0.136908
1994.1424658    -0.066645     0.132754
1994.1616438     0.171352     0.119458
1994.1808219     0.233160     0.120099
1994.2000000     0.239430     0.139017
1994.2191781     0.307102     0.180555
1994.2383562     0.193261     0.206507
1994.2575342     0.161347     0.180983
1994.2767123     0.196087     0.131845
1994.2958904     0.189902     0.072836
1994.3150685     0.166925    -0.003336
1994.3342466    -0.058368    -0.052485
1994.3534247    -0.209077    -0.090136
1994.3726027    -0.291655    -0.108127
1994.3917808    -0.378443    -0.123305
1994.4109589    -0.249082    -0.148709
1994.4301370    -0.177510    -0.148731
1994.4493151     0.034168    -0.130353
1994.4684932     0.053298    -0.102704
1994.4876712    -0.061717    -0.062250
1994.5068493    -0.058563    -0.012658
1994.5260274    -0.043678     0.058199
1994.5452055    -0.042813     0.122639
1994.5643836    -0.014355     0.199502
1994.5835616     0.197247     0.299081
1994.6027397     0.460201     0.409960
1994.6219178     0.614127     0.529455
1994.6410959     0.745067     0.648614
1994.6602740     0.834498     0.772441
1994.6794521     0.939343     0.882381
1994.6986301     1.031776     0.975945
1994.7178082     1.029626     1.072048
1994.7369863     1.100085     1.165349
1994.7561644     1.186703     1.242055
1994.7753425     1.302282     1.288082
1994.7945205     1.479051     1.317934
1994.8136986     1.584780     1.326321
1994.8328767     1.524844     1.323469
1994.8520548     1.353588     1.310602
1994.8712329     1.300451     1.306313
1994.8904110     1.105105     1.300263
1994.9095890     1.074414     1.266856
1994.9287671     1.070901     1.230875
1994.9479452     1.263686     1.184448
1994.9671233     1.424599     1.129583
1994.9863014     1.284116     1.116229
1995.0054795     1.201018     1.117676
1995.0246575     0.935745     1.092582
1995.0438356     0.806664     1.025076
1995.0630137     0.984916     0.933880
1995.0821918     1.087444     0.857279
1995.1013699     0.845052     0.800207
1995.1205479     0.656132     0.783702
1995.1397260     0.603831     0.770564
1995.1589041     0.594705     0.723745
1995.1780822     0.687373     0.666158
1995.1972603     0.787202     0.639504
1995.2164384     0.688422     0.636695
1995.2356164     0.563544     0.639694
1995.2547945     0.569160     0.621488
1995.2739726     0.605170     0.576151
1995.2931507     0.630850     0.523788
1995.3123288     0.630824     0.484520
1995.3315068     0.430850     0.482843
1995.3506849     0.279337     0.494245
1995.3698630     0.315933     0.496912
1995.3890411     0.335010     0.489889
1995.4082192     0.548449     0.455263
1995.4273973     0.671781     0.426249
1995.4465753     0.629176     0.410857
1995.4657534     0.567637     0.398633
1995.4849315     0.319190     0.406131
1995.5041096     0.169728     0.417836
1995.5232877     0.140809     0.434099
1995.5424658     0.205918     0.474824
1995.5616438     0.402490     0.535333
1995.5808219     0.653794     0.621457
1995.6000000     0.818151     0.739400
1995.6191781     0.995702     0.896695
1995.6383562     1.112217     1.087856
1995.6575342     1.094302     1.278796
1995.6767123     1.231217     1.431466
1995.6958904     1.556461     1.561443
1995.7150685     1.926373     1.650380
1995.7342466     2.120942     1.726215
1995.7534247     2.027827     1.792286
1995.7726027     1.987941     1.839610
1995.7917808     1.796139     1.865445
1995.8109589     1.794727     1.866597
1995.8301370     1.688941     1.856238
1995.8493151     1.657135     1.834790
1995.8684932     1.788977     1.816323
1995.8876712     1.936745     1.813874
1995.9068493     2.027712     1.810675
1995.9452055     1.840209     1.735400
1995.9643836     1.776546     1.647225
1995.9835616     1.769134     1.524391
1996.0027322     1.487133     1.392358
1996.0218579     1.256746     1.365828
1996.0409836     1.083572     1.277760
1996.0601093     0.954072     1.206303
1996.0792350     0.971448     1.121379
1996.0983607     1.153588     1.051932
1996.1174863     1.047600     0.992617
1996.1366120     1.133436     0.950429
1996.1557377     1.004813     0.944748
1996.1748634     0.862115     0.907102
1996.1939891     0.722905     0.818515
1996.2131148     0.703883     0.730595
1996.2322404     0.902940     0.632626
1996.2513661     0.632635     0.543949
1996.2704918     0.356304     0.482524
1996.2896175     0.256321     0.442023
1996.3087432     0.251713     0.416720
1996.3278689     0.206727     0.361306
1996.3469945     0.309290     0.336777
1996.3661202     0.358391     0.331111
1996.3852459     0.476156     0.321040
1996.4043716     0.404220     0.312391
1996.4234973     0.411874     0.324183
1996.4426230     0.305311     0.344686
1996.4617486     0.165679     0.393913
1996.4808743     0.173874     0.463694
1996.5000000     0.312847     0.538391
1996.5191257     0.493819     0.607101
1996.5382514     0.801433     0.680764
1996.5573770     1.104186     0.767897
1996.5765027     1.076497     0.836920
1996.5956284     1.030260     0.900835
1996.6147541     0.968278     0.964491
1996.6338798     0.949876     1.043476
1996.6530055     0.795086     1.135143
1996.6721311     0.888082     1.237785
1996.6912568     1.066718     1.347723
1996.7103825     1.512299     1.466064
1996.7295082     1.929191     1.593269
1996.7486339     2.000275     1.753938
1996.7677596     2.019699     1.921112
1996.7868852     2.033349     2.049963
1996.8060109     2.094722     2.116431
1996.8251366     2.241107     2.093042
1996.8442623     2.392652     2.040949
1996.8633880     2.226374     1.975907
1996.8825137     2.110511     1.867607
1996.9016393     1.718691     1.742357
1996.9207650     1.531437     1.608223
1996.9398907     1.434322     1.510169
1996.9590164     1.058644     1.378073
1996.9781421     0.967471     1.272459
1996.9972678     1.033905     1.208607
1997.0164384     1.169605     1.088714
1997.0356164     1.265597     1.070839
1997.0547945     1.207874     1.044807
1997.0739726     1.044908     1.017999
1997.0931507     0.961711     0.991642
1997.1123288     0.915644     0.953265
1997.1315068     0.759216     0.893479
1997.1506849     0.819438     0.849371
1997.1698630     0.780781     0.802003
1997.1890411     0.824215     0.757976
1997.2082192     0.727521     0.695666
1997.2273973     0.810907     0.652131
1997.2465753     0.618592     0.609734
1997.2657534     0.565467     0.599564
1997.2849315     0.354858     0.597128
1997.3041096     0.367398     0.604640
1997.3232877     0.437869     0.607914
1997.3424658     0.689247     0.617931
1997.3616438     0.802291     0.625704
1997.3808219     0.795128     0.645405
1997.4000000     0.840380     0.671540
1997.4191781     0.708744     0.703661
1997.4383562     0.635418     0.737600
1997.4575342     0.532175     0.783457
1997.4767123     0.602611     0.845192
1997.4958904     0.726958     0.904100
1997.5150685     0.994699     0.969728
1997.5342466     1.214998     1.053994
1997.5534247     1.350744     1.166254
1997.5726027     1.370553     1.291670
1997.5917808     1.299399     1.425948
1997.6109589     1.393814     1.564512
1997.6301370     1.542512     1.701897
1997.6493151     1.731358     1.830900
1997.6684932     1.935460     1.929565
1997.6876712     2.241776     2.029400
1997.7068493     2.451462     2.128001
1997.7260274     2.511768     2.220358
1997.7452055     2.258533     2.306867
1997.7643836     2.197921     2.379877
1997.7835616     2.281222     2.399238
1997.8027397     2.373727     2.357923
1997.8219178     2.509937     2.285519
1997.8410959     2.592544     2.213606
1997.8602740     2.416027     2.137022
1997.8794521     2.079629     2.053723
1997.8986301     1.860132     1.958495
1997.9178082     1.611313     1.859490
1997.9369863     1.508666     1.748617
1997.9561644     1.531535     1.652638
1997.9753425     1.516675     1.597633
1997.9945205     1.618888     1.557868
1998.0136986     1.594687     1.530279
1998.0328767     1.552220     1.511591
1998.0520548     1.584577     1.477136
1998.0712329     1.502248     1.446308
1998.0904110     1.363011     1.400863
1998.1095890     1.340481     1.362881
1998.1287671     1.221442     1.331246
1998.1479452     1.239217     1.280263
1998.1671233     1.209884     1.212758
1998.1863014     1.252848     1.158351
1998.2054795     1.267504     1.113225
1998.2246575     1.125727     1.086722
1998.2438356     0.894711     1.054275
1998.2630137     0.873347     1.019984
1998.2821918     0.934346     0.958473
1998.3013699     0.982910     0.872331
1998.3205479     0.947194     0.794892
1998.3397260     0.901268     0.739997
1998.3589041     0.699252     0.696533
1998.3780822     0.492220     0.664634
1998.3972603     0.428782     0.648416
1998.4164384     0.400654     0.649698
1998.4356164     0.482175     0.664763
1998.4547945     0.647247     0.687634
1998.4739726     0.836955     0.716478
1998.4931507     0.958734     0.746482
1998.5123288     1.036851     0.799832
1998.5315068     0.905089     0.860478
1998.5506849     0.751816     0.919506
1998.5698630     0.698823     0.973356
1998.5890411     0.880798     1.044384
1998.6082192     1.027986     1.118079
1998.6273973     1.178503     1.200518
1998.6465753     1.321601     1.286275
1998.6657534     1.597987     1.366717
1998.6849315     1.700106     1.440821
1998.7041096     1.647040     1.504269
1998.7232877     1.523627     1.570215
1998.7424658     1.422801     1.645101
1998.7616438     1.547734     1.683268
1998.7808219     1.599019     1.686933
1998.8000000     1.772017     1.671587
1998.8191781     1.995579     1.650440
1998.8383562     1.941486     1.646594
1998.8575342     1.733091     1.651766
1998.8767123     1.508927     1.658897
1998.8958904     1.333305     1.643175
1998.9150685     1.388191     1.587878
1998.9342466     1.594278     1.524279
1998.9534247     1.663196     1.473805
1998.9726027     1.630523     1.422757
1998.9917808     1.497907     1.359799
1999.0109589     1.369094     1.301160
1999.0301370     1.278820     1.251924
1999.0493151     1.049499     1.244950
1999.0684932     0.766679     1.228474
1999.0876712     0.860441     1.192775
1999.1068493     1.151154     1.145664
1999.1260274     1.600429     1.097461
1999.1452055     1.482245     1.085843
1999.1643836     1.176615     1.106190
1999.1835616     0.945098     1.122875
1999.2027397     0.844993     1.101063
1999.2219178     0.944936     1.021046
1999.2410959     0.949801     0.956526
1999.2602740     1.010609     0.918777
1999.2794521     0.954841     0.899192
1999.2986301     0.880279     0.877553
1999.3178082     0.901560     0.834039
1999.3369863     0.836874     0.796722
1999.3561644     0.768838     0.763922
1999.3753425     0.650243     0.734190
1999.3945205     0.553302     0.727297
1999.4136986     0.613952     0.718455
1999.4328767     0.715407     0.714312
1999.4520548     0.687255     0.724902
1999.4712329     0.818244     0.753522
1999.4904110     0.821977     0.801811
1999.5095890     0.799593     0.860134
1999.5287671     0.864146     0.929171
1999.5479452     0.907824     1.021057
1999.5671233     0.987899     1.114173
1999.5863014     1.138862     1.228102
1999.6054795     1.336740     1.320164
1999.6246575     1.514229     1.417647
1999.6438356     1.656285     1.535146
1999.6630137     1.847340     1.677770
1999.6821918     1.628146     1.825250
1999.7013699     1.741494     1.975238
1999.7205479     1.965322     2.103940
1999.7397260     2.271510     2.215849
1999.7589041     2.466186     2.278595
1999.7780822     2.686632     2.345551
1999.7972603     2.672544     2.400177
1999.8164384     2.663464     2.431406
1999.8356164     2.412054     2.433565
1999.8547945     2.230757     2.430337
1999.8739726     2.233121     2.399331
1999.8931507     2.246386     2.384684
1999.9123288     2.290944     2.352514
1999.9315068     2.437133     2.308719
1999.9506849     2.407575     2.277084
1999.9698630     2.540720     2.248733
1999.9890411     2.373935     2.230885
2000.0081967     2.017899     2.208450
2000.0273224     1.946044     2.141380
2000.0464481     1.977962     2.063827
2000.0655738     2.085755     1.973890
2000.0846995     2.089031     1.891968
2000.1038251     1.833502     1.831108
2000.1229508     1.709596     1.781413
2000.1420765     1.731286     1.739938
2000.1612022     1.636637     1.681470
2000.1803279     1.470160     1.622846
2000.1994536     1.498787     1.569861
2000.2185792     1.604683     1.521809
2000.2377049     1.559551     1.465228
2000.2568306     1.561407     1.409518
2000.2759563     1.356641     1.366351
2000.2950820     1.277131     1.314382
2000.3142077     1.222055     1.274424
2000.3333333     1.135249     1.254932
2000.3524590     1.081659     1.236122
2000.3715847     1.031058     1.226140
2000.3907104     1.245068     1.209390
2000.4098361     1.384123     1.197593
2000.4289617     1.392113     1.206310
2000.4480874     1.266805     1.234999
2000.4672131     1.126379     1.272121
2000.4863388     1.115884     1.292038
2000.5054645     1.213705     1.305260
2000.5245902     1.339854     1.343967
2000.5437158     1.365154     1.411813
2000.5628415     1.424328     1.495526
2000.5819672     1.503118     1.577258
2000.6010929     1.740474     1.636001
2000.6202186     1.877424     1.710725
2000.6393443     1.879789     1.823773
2000.6584699     1.851475     1.971096
2000.6775956     1.742388     2.125617
2000.6967213     2.012372     2.259239
2000.7158470     2.382590     2.362438
2000.7349727     2.750238     2.442696
2000.7540984     2.893803     2.523128
2000.7732240     2.943068     2.634844
2000.7923497     2.806218     2.722471
2000.8114754     2.602107     2.784862
2000.8306011     2.575368     2.799838
2000.8497268     2.747832     2.771171
2000.8688525     2.801010     2.712504
2000.8879781     2.944113     2.653166
2000.9071038     2.885022     2.615616
2000.9262295     2.635799     2.620647
2000.9453552     2.415067     2.594376
2000.9644809     2.272173     2.561526
2000.9836066     2.264158     2.501003
2001.0027397     2.537669     2.361034
2001.0219178     2.538210     2.311369
2001.0410959     2.459927     2.263042
2001.0602740     2.261524     2.211573
2001.0794521     2.139543     2.179896
2001.0986301     2.017749     2.130980
2001.1178082     1.885555     2.067775
2001.1369863     1.852408     2.000943
2001.1561644     1.926475     1.959512
2001.1753425     2.097433     1.938820
2001.1945205     1.969359     1.916313
2001.2136986     1.858444     1.894732
2001.2328767     1.888647     1.871910
2001.2520548     1.953313     1.835520
2001.2712329     1.815186     1.791407
2001.2904110     1.691320     1.770465
2001.3095890     1.647009     1.763085
2001.3287671     1.598966     1.752794
2001.3479452     1.700420     1.711466
2001.3671233     1.780881     1.670627
2001.3863014     1.792023     1.666058
2001.4054795     1.796025     1.698665
2001.4246575     1.581364     1.757860
2001.4438356     1.447636     1.826737
2001.4630137     1.650200     1.886046
2001.4821918     1.940464     1.947599
2001.5013699     2.131726     2.022974
2001.5205479     2.320316     2.121309
2001.5397260     2.314655     2.225259
2001.5589041     2.346002     2.296649
2001.5780822     2.474399     2.346775
2001.5972603     2.466377     2.415114
2001.6164384     2.383190     2.501719
2001.6356164     2.292714     2.614830
2001.6547945     2.391596     2.734151
2001.6739726     2.746775     2.838049
2001.6931507     3.099766     2.923073
2001.7123288     3.332648     3.000566
2001.7315068     3.419894     3.076746
2001.7506849     3.409479     3.167270
2001.7698630     3.231593     3.250838
2001.7890411     3.080631     3.306838
2001.8082192     2.978327     3.315155
2001.8273973     3.206318     3.282039
2001.8465753     3.498884     3.227008
2001.8657534     3.603768     3.226435
2001.8849315     3.407501     3.170792
2001.9041096     3.121847     3.144207
2001.9232877     2.914206     3.088133
2001.9616438     2.635485     2.847763
2001.9808219     2.765648     2.726831
2002.0000000     2.757726     2.636918
2002.0191781     2.728338     2.569480
2002.0383562     2.451353     2.546523
2002.0575342     2.440046     2.531694
2002.0767123     2.402546     2.504973
2002.0958904     2.374702     2.457339
2002.1150685     2.362867     2.401963
2002.1342466     2.502021     2.362607
2002.1534247     2.525157     2.305641
2002.1726027     2.329021     2.248379
2002.1917808     2.229955     2.184300
2002.2109589     2.097151     2.118286
2002.2301370     1.927352     2.037966
2002.2493151     1.887184     1.972363
2002.2684932     1.797997     1.940215
2002.2876712     1.768733     1.912892
2002.3068493     1.779148     1.877016
2002.3260274     1.934729     1.848912
2002.3452055     2.039687     1.823871
2002.3643836     1.984047     1.810898
2002.3835616     1.774267     1.826536
2002.4027397     1.674413     1.869077
2002.4219178     1.661815     1.900185
2002.4410959     1.681242     1.929362
2002.4602740     1.909474     1.969644
2002.4794521     2.162016     2.041853
2002.4986301     2.214705     2.153085
2002.5178082     2.302283     2.275816
2002.5369863     2.346580     2.405235
2002.5561644     2.424148     2.513971
2002.5753425     2.675505     2.607144
2002.5945205     2.766388     2.686898
2002.6136986     2.846013     2.777902
2002.6328767     2.888098     2.879285
2002.6520548     3.000580     2.960879
2002.6712329     2.932486     3.013006
2002.6904110     3.121319     3.074354
2002.7095890     3.259032     3.143894
2002.7287671     3.158492     3.236118
2002.7479452     3.144649     3.305266
2002.7671233     3.318514     3.350662
2002.7863014     3.471879     3.371109
2002.8054795     3.718108     3.379709
2002.8246575     3.622919     3.397829
2002.8438356     3.341042     3.406803
2002.8630137     3.305342     3.383245
2002.8821918     3.336435     3.339897
2002.9013699     3.321576     3.274264
2002.9205479     3.225412     3.214379
2002.9397260     3.106496     3.171953
2002.9589041     3.081740     3.109268
2002.9780822     3.127416     3.046787
2002.9972603     3.083950     2.999604
2003.0164384     2.959210     2.974680
2003.0356164     2.741178     2.953535
2003.0547945     2.774101     2.923140
2003.0739726     2.896931     2.865552
2003.0931507     3.001095     2.805622
2003.1123288     2.916196     2.750442
2003.1315068     2.808181     2.714810
2003.1506849     2.609123     2.672545
2003.1698630     2.544581     2.621860
2003.1890411     2.462592     2.559306
2003.2082192     2.420493     2.504354
2003.2273973     2.393718     2.441300
2003.2465753     2.440763     2.401066
2003.2657534     2.438106     2.374916
2003.2849315     2.421633     2.361973
2003.3041096     2.240693     2.350928
2003.3232877     2.247019     2.348533
2003.3424658     2.309230     2.323802
2003.3616438     2.346103     2.300331
2003.3808219     2.321084     2.279193
2003.4000000     2.372168     2.282837
2003.4191781     2.218180     2.292042
2003.4383562     2.226868     2.284613
2003.4575342     2.231393     2.280950
2003.4767123     2.273485     2.289318
2003.4958904     2.329865     2.305185
2003.5150685     2.242371     2.359122
2003.5342466     2.313138     2.414267
2003.5534247     2.396390     2.496075
2003.5726027     2.514976     2.596162
2003.5917808     2.703615     2.714291
2003.6109589     2.723168     2.856292
2003.6301370     2.967672     2.989617
2003.6493151     3.174261     3.112985
2003.6684932     3.393025     3.244552
2003.6876712     3.520388     3.368863
2003.7068493     3.513054     3.487781
2003.7260274     3.506706     3.587518
2003.7452055     3.699075     3.675008
2003.7643836     3.822418     3.730295
2003.7835616     3.793433     3.739939
2003.8027397     3.865305     3.754371
2003.8219178     3.961666     3.785330
2003.8410959     3.890606     3.769116
2003.8602740     3.607186     3.741995
2003.8794521     3.642946     3.721229
2003.9178082     3.569370     3.561289
2003.9369863     3.605445     3.470366
2003.9561644     3.627307     3.415220
2003.9753425     3.364539     3.367364
2003.9945205     3.182915     3.338806
2004.0136612     3.163220     3.274153
2004.0327869     3.166019     3.185615
2004.0519126     3.260099     3.083075
2004.0710383     3.110340     3.014037
2004.0901639     2.987496     2.980213
2004.1092896     2.808596     2.936681
2004.1284153     2.704451     2.865203
2004.1475410     2.743193     2.807336
2004.1666667     2.878502     2.782252
2004.1857923     2.771437     2.748943
2004.2049180     2.522715     2.732470
2004.2240437     2.739297     2.717865
2004.2431694     2.884579     2.702463
2004.2622951     2.687716     2.646313
2004.2814208     2.660340     2.586609
2004.3005464     2.573004     2.553410
2004.3196721     2.604580     2.491704
2004.3387978     2.373146     2.426634
2004.3579235     2.234104     2.391811
2004.3770492     2.223921     2.369711
2004.3961749     2.183944     2.365144
2004.4153005     2.298952     2.367586
2004.4344262     2.374305     2.405543
2004.4535519     2.461444     2.456570
2004.4726776     2.531895     2.505052
2004.4918033     2.626565     2.557560
2004.5109290     2.714761     2.608062
2004.5300546     2.693344     2.673737
2004.5491803     2.660260     2.766618
2004.5683060     2.656512     2.864962
2004.5874317     2.753476     2.948783
2004.6065574     2.965379     3.035407
2004.6256831     3.297373     3.141407
2004.6448087     3.416991     3.261674
2004.6639344     3.380954     3.387760
2004.6830601     3.494372     3.503546
2004.7021858     3.647350     3.615928
2004.7213115     3.742656     3.693265
2004.7404372     3.791292     3.738862
2004.7595628     3.795544     3.780381
2004.7786885     3.976823     3.802975
2004.7978142     3.993400     3.806946
2004.8169399     3.827363     3.785913
2004.8360656     3.754627     3.763549
2004.8551913     3.697720     3.752284
2004.8743169     3.683093     3.718988
2004.8934426     3.553353     3.673616
2004.9125683     3.590019     3.650124
2004.9316940     3.694160     3.637062
2004.9508197     3.677160     3.608027
2004.9699454     3.585045     3.549991
2004.9890710     3.615944     3.498805
2005.0082192     3.465439     3.429759
2005.0273973     3.218813     3.401624
2005.0465753     3.143860     3.368845
2005.0657534     3.332611     3.313832
2005.0849315     3.399201     3.299474
2005.1041096     3.452081     3.280180
2005.1232877     3.322809     3.277329
2005.1424658     3.175841     3.252991
2005.1616438     3.184608     3.191402
2005.1808219     3.291798     3.133326
2005.2000000     3.193153     3.074197
2005.2191781     2.924814     3.023990
2005.2383562     2.778313     2.982404
2005.2575342     2.876518     2.940591
2005.2767123     2.919921     2.884529
2005.2958904     2.870945     2.859375
2005.3150685     2.801568     2.868978
2005.3342466     2.808294     2.891197
2005.3534247     2.787240     2.904631
2005.3726027     2.966764     2.906015
2005.3917808     3.011239     2.914766
2005.4109589     2.978281     2.920759
2005.4301370     2.997428     2.937849
2005.4493151     2.932377     2.962583
2005.4684932     2.949707     2.979536
2005.4876712     2.855504     3.013179
2005.5068493     2.962098     3.067869
2005.5260274     3.009853     3.113991
2005.5452055     3.119340     3.168613
2005.5643836     3.314024     3.230549
2005.5835616     3.470491     3.320586
2005.6027397     3.412529     3.416952
2005.6219178     3.423971     3.522970
2005.6410959     3.507136     3.623092
2005.6602740     3.665830     3.661726
2005.6794521     3.829391     3.756593
2005.6986301     3.964016     3.855901
2005.7178082     4.020444     3.955952
2005.7561644     4.229425     4.107447
2005.7753425     4.206997     4.169608
2005.7945205     4.224379     4.236951
2005.8136986     4.194923     4.305101
2005.8328767     4.190006     4.318353
2005.8520548     4.326677     4.314826
2005.8712329     4.502756     4.306636
2005.8904110     4.565643     4.297154
2005.9095890     4.424368     4.278089
2005.9287671     4.197684     4.247019
2005.9479452     4.133286     4.180829
2005.9671233     4.139042     4.072286
2005.9863014     4.023336     3.949324
2006.0054795     3.910375     3.851181
2006.0246575     3.730969     3.759530
2006.0438356     3.525871     3.660334
2006.0630137     3.458984     3.556774
2006.0821918     3.541079     3.468242
2006.1013699     3.372829     3.392101
2006.1205479     3.240524     3.324460
2006.1397260     3.206996     3.267757
2006.1589041     3.226550     3.221048
2006.1780822     3.225108     3.168042
2006.1972603     3.122202     3.126221
2006.2164384     3.015544     3.108378
2006.2356164     3.038600     3.081147
2006.2547945     3.064022     3.053438
2006.2739726     2.996439     3.028905
2006.2931507     3.079940     3.034421
2006.3123288     2.961913     3.046791
2006.3315068     2.977177     3.051868
2006.3506849     3.004308     3.049840
2006.3698630     3.171845     3.056701
2006.3890411     3.126871     3.064691
2006.4082192     3.084297     3.092886
2006.4273973     3.045766     3.143130
2006.4465753     3.058196     3.196499
2006.4657534     3.151843     3.232436
2006.4849315     3.215668     3.286998
2006.5041096     3.429373     3.351760
2006.5232877     3.484627     3.405636
2006.5424658     3.495283     3.449270
2006.5616438     3.617931     3.487367
2006.5808219     3.667157     3.561640
2006.6000000     3.530650     3.635138
2006.6191781     3.450900     3.736270
2006.6383562     3.494714     3.853846
2006.6575342     3.884125     3.960000
2006.6767123     4.090853     4.036193
2006.6958904     4.394820     4.141652
2006.7150685     4.553460     4.268104
2006.7342466     4.573320     4.402231
2006.7534247     4.352897     4.491095
2006.7726027     4.479782     4.541126
2006.7917808     4.588967     4.562027
2006.8109589     4.701854     4.515940
2006.8301370     4.683907     4.448723
2006.8876712     4.230856     4.292310
2006.9068493     4.102797     4.191353
2006.9260274     4.123858     4.084891
2006.9452055     4.129683     4.053238
2006.9643836     4.073216     4.015285
2006.9835616     3.995149     3.958426
2007.0027397     3.938676     3.886202
2007.0219178     3.831671     3.808298
2007.0410959     3.711661     3.715329
2007.0602740     3.719125     3.628376
2007.0794521     3.452779     3.558684
2007.0986301     3.422719     3.519211
2007.1178082     3.292967     3.488116
2007.1369863     3.290641     3.453398
2007.1561644     3.367916     3.416044
2007.1753425     3.583422     3.406199
2007.1945205     3.551818     3.414591
2007.2136986     3.399194     3.436595
2007.2328767     3.382945     3.453930
2007.2520548     3.364171     3.455528
2007.2712329     3.498250     3.419345
2007.2904110     3.491000     3.378871
2007.3095890     3.446656     3.369980
2007.3287671     3.382296     3.354218
2007.3479452     3.257771     3.325738
2007.3671233     3.187553     3.280636
2007.3863014     3.319181     3.232565
2007.4054795     3.241083     3.213036
2007.4246575     3.107853     3.215309
2007.4438356     3.092333     3.221290
2007.4630137     3.058356     3.238196
2007.4821918     3.270900     3.242087
2007.5013699     3.402750     3.262902
2007.5205479     3.311599     3.305849
2007.5397260     3.339708     3.373410
2007.5589041     3.354198     3.458460
2007.5780822     3.428419     3.526217
2007.5972603     3.494376     3.580542
2007.6164384     3.700386     3.651008
2007.6356164     3.823801     3.736675
2007.6547945     3.880714     3.839622
2007.6739726     3.891676     3.936458
2007.6931507     3.945796     4.032271
2007.7123288     4.110708     4.114122
2007.7315068     4.280725     4.174976
2007.7506849     4.299941     4.236748
2007.7698630     4.356696     4.301404
2007.7890411     4.437039     4.376104
2007.8082192     4.371486     4.445713
2007.8273973     4.436663     4.495313
2007.8465753     4.473586     4.526255
2007.8657534     4.618092     4.527764
2007.8849315     4.737193     4.495712
2007.9041096     4.727119     4.456153
2007.9232877     4.578421     4.407537
2007.9424658     4.370276     4.360837
2007.9616438     4.148569     4.291773
2007.9808219     4.015460     4.200576
2008.0000000     3.999112     4.105796
2008.0191257     4.053288     4.014791
2008.0382514     3.996520     3.933512
2008.0573770     3.916420     3.885281
2008.0765027     3.874097     3.836661
2008.0956284     3.759380     3.784737
2008.1147541     3.638765     3.739035
2008.1338798     3.714488     3.711964
2008.1530055     3.577882     3.682044
2008.1721311     3.531793     3.646306
2008.1912568     3.641970     3.605917
2008.2103825     3.752880     3.597256
2008.2295082     3.647145     3.572869
2008.2486339     3.552449     3.559394
2008.2677596     3.395878     3.546351
2008.2868852     3.560823     3.563128
2008.3060109     3.495003     3.564788
2008.3251366     3.456606     3.575427
2008.3442623     3.414407     3.594821
2008.3633880     3.792959     3.619019
2008.3825137     3.767825     3.639025
2008.4016393     3.742889     3.677332
2008.4207650     3.726997     3.719549
2008.4398907     3.613665     3.772290
2008.4590164     3.740878     3.784452
2008.4781421     3.839765     3.800426
2008.4972678     3.836561     3.822458
2008.5163934     3.889076     3.850279
2008.5355191     3.902412     3.906712
2008.5546448     3.911590     3.963947
2008.5737705     3.941184     4.012145
2008.5928962     3.977379     4.083541
2008.6120219     4.121567     4.139735
2008.6311475     4.255987     4.196497
2008.6502732     4.273549     4.258691
2008.6693989     4.479129     4.336797
2008.6885246     4.394818     4.432484
2008.7076503     4.413271     4.512613
2008.7267760     4.471339     4.590004
2008.7459016     4.644133     4.647777
2008.7650273     4.838561     4.678154
2008.7841530     4.842732     4.724265
2008.8032787     4.952508     4.776021
2008.8224044     4.793501     4.832671
2008.8415301     4.752525     4.882265
2008.8606557     4.809815     4.886355
2008.8797814     4.879072     4.871250
2008.8989071     4.981193     4.820527
2008.9180328     5.090481     4.766352
2008.9371585     4.875371     4.768080
2008.9562842     4.706786     4.693778
2008.9754098     4.496004     4.616095
2008.9945355     4.305919     4.506873
2009.0136986     4.215397     4.265100
2009.0328767     4.257609     4.184789
2009.0520548     4.107420     4.111959
2009.0712329     4.024905     4.057044
2009.0904110     4.006763     4.040591
2009.1095890     4.064298     4.006407
2009.1287671     3.913364     3.975614
2009.1479452     3.866592     3.958505
2009.1671233     3.908968     3.956821
2009.1863014     3.907745     3.950365
2009.2054795     3.980468     3.929896
2009.2246575     3.953438     3.922463
2009.2438356     4.009753     3.911439
2009.2630137     3.948657     3.892244
2009.2821918     3.880083     3.871553
2009.3013699     3.846460     3.844906
2009.3205479     3.767379     3.817826
2009.3397260     3.736213     3.800564
2009.3589041     3.721527     3.800741
2009.3780822     3.740644     3.803440
2009.3972603     3.709714     3.816706
2009.4164384     3.854398     3.827219
2009.4356164     3.950251     3.836413
2009.4547945     3.904375     3.856622
2009.4739726     3.965856     3.902696
2009.4931507     3.861993     3.972861
2009.5123288     3.818955     4.038410
2009.5315068     3.903410     4.099461
2009.5506849     4.155311     4.173707
2009.5698630     4.341203     4.255662
2009.5890411     4.444335     4.363539
2009.6082192     4.499707     4.493435
2009.6273973     4.572597     4.623806
2009.6465753     4.703447     4.747303
2009.6657534     4.832886     4.861691
2009.6849315     4.988014     4.981704
2009.7041096     5.076755     5.086852
2009.7232877     5.266779     5.181306
2009.7424658     5.370697     5.262673
2009.7616438     5.524457     5.333543
2009.7808219     5.446032     5.382310
2009.8000000     5.422685     5.415611
2009.8191781     5.435752     5.424938
2009.8383562     5.470715     5.423589
2009.8575342     5.426921     5.396223
2009.8767123     5.376461     5.345135
2009.8958904     5.350722     5.299788
2009.9150685     5.358552     5.249808
2009.9342466     5.278167     5.181935
2009.9534247     4.986242     5.104536
2009.9726027     5.014561     5.024949
2009.9917808     4.985927     4.922779
2010.0109589     4.859861     4.811813
2010.0301370     4.730327     4.706353
2010.0493151     4.660179     4.645453
2010.0684932     4.431196     4.594151
2010.0876712     4.359852     4.542116
2010.1068493     4.329029     4.490373
2010.1260274     4.438143     4.443202
2010.1452055     4.552840     4.395955
2010.1643836     4.517612     4.362903
2010.1835616     4.394181     4.341890
2010.2027397     4.305783     4.316228
2010.2219178     4.234955     4.276653
2010.2410959     4.133730     4.221198
2010.2602740     4.170736     4.163701
2010.2794521     4.098068     4.129343
2010.2986301     4.081974     4.124662
2010.3178082     4.053745     4.131224
2010.3369863     4.000135     4.159727
2010.3561644     4.084957     4.180373
2010.3753425     4.263654     4.207594
2010.3945205     4.294018     4.236588
2010.4136986     4.390253     4.272528
2010.4328767     4.356548     4.322509
2010.4520548     4.343063     4.375323
2010.4712329     4.342921     4.414394
2010.4904110     4.377201     4.452954
2010.5095890     4.449963     4.466313
2010.5287671     4.560291     4.494749
2010.5479452     4.615285     4.529569
2010.5671233     4.641064     4.571510
2010.5863014     4.510484     4.609171
2010.6054795     4.612465     4.650263
2010.6246575     4.656447     4.687907
2010.6438356     4.720393     4.728424
2010.6630137     4.716145     4.770732
2010.6821918     4.819793     4.831882
2010.7013699     4.899086     4.893093
2010.7205479     4.979937     4.964555
2010.7397260     5.021842     5.051103
2010.7589041     5.060829     5.130233
2010.7780822     5.163365     5.186241
2010.7972603     5.299603     5.219323
2010.8164384     5.499330     5.242966
2010.8356164     5.428318     5.238707
2010.8547945     5.323863     5.222790
2010.8739726     5.196825     5.184591
2010.8931507     5.192718     5.129943
2010.9123288     4.983518     5.054738
2010.9315068     4.917568     4.982407
2010.9506849     4.819581     4.912166
2010.9698630     4.807769     4.857024
2010.9890411     4.822479     4.791403
2011.0082192     4.777339     4.721364
2011.0273973     4.691701     4.639301
2011.0465753     4.700545     4.553099
2011.0657534     4.602125     4.460624
2011.0849315     4.353170     4.365494
2011.1041096     4.178999     4.283948
2011.1232877     4.043768     4.211611
2011.1424658     3.975492     4.117491
2011.1616438     3.966311     4.022732
2011.1808219     4.043420     3.950812
2011.2000000     4.040670     3.906533
2011.2191781     3.853460     3.869022
2011.2383562     3.749296     3.835287
2011.2575342     3.705888     3.793522
2011.2767123     3.780489     3.749051
2011.2958904     3.706172     3.715418
2011.3150685     3.671879     3.713219
2011.3342466     3.590424     3.717428
2011.3534247     3.643184     3.732972
2011.3726027     3.737966     3.748455
2011.3917808     3.833671     3.788008
2011.4109589     3.787180     3.849272
2011.4301370     3.845783     3.923128
2011.4493151     3.919835     3.986920
2011.4684932     4.062150     4.038394
2011.4876712     4.223259     4.083411
2011.5068493     4.255125     4.146369
2011.5260274     4.217309     4.218061
2011.5452055     4.201238     4.305143
2011.5643836     4.238823     4.402975
2011.5835616     4.353801     4.499593
2011.6027397     4.491010     4.597457
2011.6219178     4.703569     4.696734
2011.6410959     4.942641     4.803549
2011.6602740     5.092818     4.921645
2011.6794521     5.135907     5.043590
2011.6986301     5.110799     5.163078
2011.7178082     5.162577     5.267091
2011.7369863     5.301685     5.347085
2011.7561644     5.451304     5.399632
2011.7753425     5.566404     5.431049
2011.7945205     5.639680     5.455741
2011.8136986     5.662593     5.475131
2011.8328767     5.565739     5.486073
2011.8520548     5.418662     5.477686
2011.8712329     5.333022     5.453840
2011.8904110     5.337090     5.432358
2011.9095890     5.400167     5.403264
2011.9287671     5.375820     5.394126
2011.9479452     5.351788     5.389820
2011.9671233     5.446338     5.376505
2011.9863014     5.400753     5.371834
2012.0054645     5.483490     5.352201
2012.0245902     5.379914     5.322548
2012.0437158     5.213187     5.290746
2012.0628415     5.295048     5.249915
2012.0819672     5.223475     5.205625
2012.1010929     5.108939     5.139962
2012.1202186     5.065572     5.085781
2012.1393443     5.078858     5.045143
2012.1584699     5.002143     4.988541
2012.1775956     4.892523     4.945578
2012.1967213     4.892282     4.907262
2012.2158470     4.847443     4.863386
2012.2349727     4.785635     4.828623
2012.2540984     4.836809     4.804471
2012.2732240     4.764095     4.794844
2012.2923497     4.670690     4.792124
2012.3114754     4.765990     4.777026
2012.3306011     4.784772     4.779728
2012.3497268     4.805878     4.793119
2012.3688525     4.867806     4.823851
2012.3879781     4.711557     4.870072
2012.4071038     4.809955     4.910890
2012.4262295     4.957327     4.951738
2012.4453552     5.040685     5.011658
2012.4644809     5.086679     5.075742
2012.4836066     5.133348     5.169285
2012.5027322     5.152403     5.253073
2012.5218579     5.345163     5.324013
2012.5409836     5.444561     5.387280
2012.5601093     5.553442     5.444564
2012.5792350     5.564047     5.509510
2012.5983607     5.595787     5.589834
2012.6174863     5.610090     5.667226
2012.6366120     5.602234     5.741925
2012.6557377     5.717866     5.830665
2012.6748634     5.875313     5.934908
2012.6939891     6.041690     6.047754
2012.7131148     6.116855     6.160957
2012.7322404     6.352103     6.274174
2012.7513661     6.502231     6.370547
2012.7704918     6.611403     6.447101
2012.7896175     6.628913     6.495878
2012.8087432     6.621193     6.521290
2012.8278689     6.585221     6.523268
2012.8469945     6.564295     6.518170
2012.8661202     6.480684     6.492372
2012.8852459     6.345563     6.454201
2012.9043716     6.369910     6.425404
2012.9234973     6.456347     6.405427
2012.9426230     6.379217     6.365674
2012.9617486     6.285379     6.306337
2012.9808743     6.362021     6.247223
2013.0000000     6.246272     6.141849
2013.0191781     6.005989     6.068538
2013.0383562     5.872645     6.004966
2013.0575342     5.986566     5.916430
2013.0767123     5.996704     5.901207
2013.0958904     5.792729     5.845929
2013.1150685     5.776800     5.798921
2013.1342466     5.653734     5.770811
2013.1534247     5.779424     5.724973
2013.1726027     5.748769     5.691007
2013.1917808     5.582912     5.655329
2013.2109589     5.619663     5.610881
2013.2301370     5.574025     5.577449
2013.2684932     5.507301     5.484782
2013.2876712     5.421223     5.451938
2013.3068493     5.386272     5.401881
2013.3260274     5.425985     5.353631
2013.3452055     5.360877     5.329698
2013.3643836     5.320159     5.290907
2013.3835616     5.219204     5.267667
2013.4027397     5.188029     5.255291
2013.4219178     5.138234     5.239832
2013.4410959     5.158181     5.224349
2013.4602740     5.212062     5.215261
2013.4794521     5.274882     5.230042
2013.4986301     5.286862     5.266367
2013.5178082     5.221530     5.313563
2013.5369863     5.238363     5.364850
2013.5561644     5.352233     5.408576
2013.5753425     5.514954     5.463494
2013.5945205     5.563003     5.525892
2013.6136986     5.619759     5.563937
2013.6328767     5.605594     5.699713
2013.6520548     5.769153     5.811390
2013.6712329     5.848442     5.910835
2013.7095890     6.324564     6.114611
2013.7287671     6.245651     6.236322
2013.7479452     6.310514     6.341848
2013.7671233     6.372496     6.423679
2013.7863014     6.440475     6.420071
2013.8054795     6.579281     6.420031
2013.8246575     6.613360     6.430863
2013.8438356     6.503094     6.429303
2013.8630137     6.391206     6.402181
2013.8821918     6.324198     6.359094
2013.9013699     6.343141     6.300500
2013.9205479     6.296478     6.244255
2013.9397260     6.128392     6.187414
2013.9589041     6.052694     6.129596
2013.9780822     6.051940     6.066512
2013.9972603     6.107150     6.009799
2014.0164384     5.991531     5.940333
2014.0356164     5.870836     5.905996
2014.0547945     5.756446     5.890077
2014.0739726     5.832726     5.859832
2014.0931507     5.671281     5.827553
2014.1123288     5.819363     5.796233
2014.1315068     5.909418     5.760104
2014.1506849     5.779734     5.728799
2014.1698630     5.816639     5.693552
2014.1890411     5.709652     5.672583
2014.2082192     5.545681     5.626974
2014.2273973     5.474702     5.560918
2014.2465753     5.515502     5.503614
2014.2657534     5.482553     5.431626
2014.2849315     5.408890     5.359190
2014.3041096     5.314912     5.311186
2014.3232877     5.263994     5.281099
2014.3424658     5.168745     5.257494
2014.3616438     5.057734     5.251814
2014.3808219     5.113644     5.257840
2014.4000000     5.203913     5.272486
2014.4191781     5.303063     5.307873
2014.4383562     5.431427     5.374243
2014.4575342     5.463128     5.437299
2014.4767123     5.446724     5.516440
2014.4958904     5.582477     5.597810
2014.5150685     5.766079     5.678881
2014.5342466     5.625233     5.767960
2014.5534247     5.825914     5.860486
2014.5726027     5.936242     5.974591
2014.5917808     6.032707     6.073480
2014.6109589     6.233131     6.162020
2014.6301370     6.295864     6.265557
2014.6493151     6.473673     6.365160
2014.6684932     6.472475     6.465634
2014.6876712     6.562937     6.571967
2014.7068493     6.557066     6.667244
2014.7260274     6.722345     6.747155
2014.7452055     6.840507     6.795542
2014.7643836     6.989706     6.840050
2014.7835616     7.090623     6.866734
2014.8027397     7.015059     6.881368
2014.8219178     6.909161     6.865376
2014.8410959     6.873047     6.846758
2014.8602740     6.803093     6.834875
2014.8794521     6.688770     6.826276
2014.8986301     6.578415     6.803859
2014.9178082     6.672947     6.766910
2014.9369863     6.882761     6.729804
2014.9561644     7.013231     6.701484
2014.9753425     6.813308     6.689157
2014.9945205     6.576617     6.697953
2015.0136986     6.539096     6.696428
2015.0328767     6.548210     6.668285
2015.0520548     6.577826     6.611948
2015.0712329     6.657582     6.571117
2015.0904110     6.659218     6.555708
2015.1095890     6.629483     6.535884
2015.1287671     6.506197     6.500414
2015.1479452     6.445829     6.467168
2015.1671233     6.437935     6.427643
2015.1863014     6.360681     6.381876
2015.2054795     6.228975     6.338804
2015.2246575     6.278613     6.304541
2015.2438356     6.301855     6.278378
2015.2630137     6.247316     6.255176
2015.2821918     6.241836     6.228532
2015.3013699     6.197830     6.206933
2015.3205479     6.210365     6.185448
2015.3397260     6.229118     6.168187
2015.3589041     6.120885     6.148533
2015.3780822     6.034580     6.145379
2015.3972603     6.085252     6.161806
2015.4164384     6.146501     6.187762
2015.4356164     6.070433     6.228584
2015.4547945     6.213449     6.293413
2015.4739726     6.345673     6.381752
2015.4931507     6.443965     6.481678
2015.5123288     6.596515     6.576571
2015.5315068     6.704349     6.684660
2015.5506849     6.829635     6.781264
2015.5698630     6.984583     6.890708
2015.5890411     7.000534     7.015157
2015.6082192     7.043233     7.133658
2015.6273973     7.082891     7.254323
2015.6465753     7.330668     7.359011
2015.6657534     7.564001     7.452710
2015.6849315     7.663029     7.549105
2015.7041096     7.790333     7.651608
2015.7232877     7.771827     7.771081
2015.7424658     7.827872     7.859964
2015.7616438     7.868092     7.909455
2015.7808219     7.965755     7.926778
2015.8000000     8.158152     7.925729
2015.8191781     8.130618     7.921735
2015.8383562     8.009418     7.923213
2015.8575342     7.818938     7.899335
2015.8767123     7.780890     7.855729
2015.8958904     7.735876     7.781308
2015.9150685     7.841175     7.674625
2015.9342466     7.653193     7.573169
2015.9534247     7.573303     7.508035
2015.9726027     7.488363     7.475557
2015.9917808     7.170470     7.443190
2016.0109290     7.096311     7.393043
2016.0300546     7.232730     7.355740
2016.0491803     7.488593     7.318334
2016.0683060     7.444573     7.284021
2016.0874317     7.389856     7.289920
2016.1065574     7.317463     7.298101
2016.1256831     7.236651     7.289711
2016.1448087     7.179541     7.253009
2016.1639344     7.223563     7.215185
2016.1830601     7.169936     7.170201
2016.2021858     7.157224     7.113796
2016.2213115     7.158279     7.074223
2016.2404372     7.104153     7.035785
2016.2595628     6.984998     6.982494
2016.2786885     6.809823     6.933059
2016.2978142     6.880493     6.879282
2016.3169399     6.833596     6.822182
2016.3360656     6.743948     6.771002
2016.3551913     6.725020     6.751693
2016.3743169     6.673231     6.763783
2016.3934426     6.644376     6.774746
2016.4125683     6.643529     6.801846
2016.4316940     6.811221     6.837417
2016.4508197     6.918634     6.872397
2016.4699454     6.979159     6.909909
2016.4890710     7.077499     6.941969
2016.5081967     7.064086     6.974028
2016.5273224     7.039833     6.992671
2016.5464481     7.010846     7.008446
2016.5655738     6.932914     7.030036
2016.5846995     6.932058     7.076009
2016.6038251     6.979010     7.149513
2016.6229508     7.060607     7.232903
2016.6420765     7.173469     7.319164
2016.6612022     7.491260     7.410203
2016.6803279     7.725624     7.493316
2016.6994536     7.790339     7.584962
2016.7185792     7.787196     7.687836
2016.7377049     7.752268     7.790511
2016.7568306     7.680073     7.858667
2016.7759563     7.803824     7.894961
2016.7950820     7.986474     7.936557
2016.8142077     8.097538     7.988359
2016.8333333     8.104663     8.030533
2016.8524590     8.052271     8.066911
2016.8715847     8.164710     8.082442
2016.8907104     8.253405     8.052972
2016.9098361     8.131841     8.009185
2016.9289617     8.007474     7.997250
2016.9480874     7.943601     7.920245
2016.9672131     7.721248     7.818789
2016.9863388     7.703450     7.707107
2017.0054795     7.436230     7.458134
2017.0246575     7.353060     7.328615
2017.0438356     7.359954     7.220349
2017.0630137     7.190446     7.124544
2017.0821918     6.957087     7.102955
2017.1013699     6.907449     7.052564
2017.1205479     6.855116     7.006840
2017.1397260     6.937013     6.956973
2017.1589041     6.930244     6.941804
2017.1780822     6.982706     6.946464
2017.1972603     6.941549     6.950074
2017.2164384     6.911145     6.948549
2017.2356164     7.053928     6.938424
2017.2547945     6.999029     6.915942
2017.2739726     6.939937     6.879278
2017.2931507     6.841387     6.830612
2017.3123288     6.845889     6.786328
2017.3315068     6.727910     6.731709
2017.3506849     6.652731     6.692365
2017.3698630     6.503555     6.664718
2017.3890411     6.512590     6.663919
2017.4082192     6.562354     6.668510
2017.4273973     6.644933     6.694840
2017.4465753     6.691114     6.719582
2017.4657534     6.834191     6.770011
2017.4849315     6.887210     6.837966
2017.5041096     6.964881     6.919973
2017.5232877     6.875405     7.012223
2017.5424658     6.957418     7.118203
2017.5616438     7.124182     7.212457
2017.5808219     7.300425     7.307415
2017.6000000     7.475179     7.402009
2017.6191781     7.644932     7.514270
2017.6383562     7.682479     7.628146
2017.6575342     7.741835     7.720466
2017.6767123     7.816227     7.797355
2017.6958904     7.885756     7.870295
2017.7150685     7.982300     7.934257
2017.7342466     7.955062     8.000786
2017.7534247     7.992429     8.064032
2017.7726027     8.131636     8.114539
2017.7917808     8.220588     8.160173
2017.8109589     8.281240     8.201758
2017.8301370     8.311047     8.243764
2017.8493151     8.270796     8.280112
2017.8684932     8.296457     8.302309
2017.8876712     8.356566     8.296727
2017.9068493     8.333113     8.254000
2017.9260274     8.319564     8.189163
2017.9452055     8.331412     8.114695
2017.9643836     8.170352     8.029590
2017.9835616     7.896689     7.936137
2018.0027397     7.727514     7.849850
2018.0219178     7.600584     7.754513
2018.0410959     7.530516     7.647078
2018.0602740     7.515485     7.539361
2018.0794521     7.556537     7.448102
2018.0986301     7.461527     7.378763
2018.1178082     7.364499     7.332432
2018.1369863     7.200902     7.292184
2018.1561644     7.075358     7.243388
2018.1753425     7.103463     7.184105
2018.1945205     7.183601     7.134162
2018.2136986     7.168282     7.084704
2018.2328767     7.076323     7.051535
2018.2520548     7.022993     7.024551
2018.2712329     7.012039     6.985421
2018.2904110     6.919374     6.957217
2018.3095890     6.902380     6.926734
2018.3287671     6.832503     6.911564
2018.3479452     6.751297     6.906793
2018.3671233     6.929765     6.914547
2018.3863014     6.893935     6.916925
2018.4054795     6.939792     6.922399
2018.4246575     6.980051     6.949520
2018.4438356     7.081826     7.003308
2018.4630137     6.940774     7.045081
2018.4821918     6.951652     7.102369
2018.5013699     7.076588     7.159080
2018.5205479     7.235385     7.224916
2018.5397260     7.305728     7.290360
2018.5589041     7.409527     7.374224
2018.5780822     7.450186     7.468515
2018.5972603     7.572581     7.566702
2018.6164384     7.670822     7.677576
2018.6356164     7.695550     7.790353
2018.6547945     7.800270     7.917409
2018.6739726     7.960269     8.053818
2018.6931507     8.233246     8.164443
2018.7123288     8.320728     8.269240
2018.7315068     8.553026     8.379325
2018.7506849     8.677874     8.477358
2018.7698630     8.568206     8.556714
2018.7890411     8.613991     8.597197
2018.8082192     8.686311     8.614823
2018.8273973     8.682573     8.601317
2018.8465753     8.674469     8.572720
2018.8657534     8.597595     8.542689
2018.8849315     8.479358     8.498048
2018.9041096     8.431478     8.432872
2018.9232877     8.420500     8.350519
2018.9424658     8.297925     8.264981
2018.9616438     8.212219     8.210957
2018.9808219     8.099735     8.171639
2019.0000000     7.941392     8.134115
2019.0191781     7.904631     8.093348
2019.0383562     8.111372     8.053932
2019.0575342     8.125503     8.004803
2019.0767123     8.093757     7.972418
2019.0958904     8.053593     7.976296
2019.1150685     7.943186     7.964446
2019.1342466     7.770056     7.934785
2019.1534247     7.808270     7.904012
2019.1917808     7.809827     7.812172
2019.2109589     7.874089     7.755011
2019.2301370     7.879315     7.723398
2019.2493151     7.801443     7.707027
2019.2684932     7.611190     7.712544
2019.2876712     7.485901     7.713402
2019.3068493     7.517149     7.691575
2019.3260274     7.677298     7.670536
2019.3452055     7.756681     7.643885
2019.3643836     7.817555     7.645222
2019.3835616     7.677647     7.673271
2019.4027397     7.689959     7.701487
2019.4219178     7.561585     7.727998
2019.4410959     7.623224     7.755946
2019.4602740     7.738341     7.782517
2019.4794521     7.771094     7.811312
2019.4986301     7.915894     7.843025
2019.5178082     8.008218     7.911515
2019.5369863     8.056695     8.001581
2019.5561644     7.936799     8.094318
2019.5753425     7.975372     8.198136
2019.5945205     8.178001     8.295914
2019.6136986     8.433819     8.401177
2019.6328767     8.572972     8.516090
2019.6520548     8.705455     8.650516
2019.6712329     8.795894     8.770426
2019.6904110     8.955588     8.871278
2019.7095890     9.090913     8.939507
2019.7287671     9.146633     8.988815
2019.7479452     9.054559     9.023567
2019.7671233     9.085669     9.061527
2019.7863014     9.047881     9.087429
2019.8054795     9.016747     9.094171
2019.8246575     9.018223     9.082519
2019.8438356     9.137528     9.067298
2019.8630137     9.188710     9.042791
2019.8821918     9.151587     9.008078
2019.9013699     9.041769     8.952703
2019.9205479     8.917568     8.905016
2019.9397260     8.865106     8.827616
2019.9589041     8.735461     8.724235
2019.9780822     8.518377     8.616954
2019.9972603     8.589037     8.531677
2020.0163934     8.440927     8.483441
2020.0355191     8.258285     8.428918
2020.0546448     8.186058     8.340782
2020.0737705     8.274280     8.284963
2020.1311475     8.118510     8.120579
2020.1502732     8.127644     8.068138
2020.1693989     8.124820     8.010777
2020.1885246     8.048382     7.998700
2020.2076503     7.964363     7.982515
2020.2267760     7.818972     7.938668
2020.2459016     7.872748     7.908720
2020.2650273     7.914159     7.889162
2020.2841530     7.853035     7.884078
2020.3032787     7.723892     7.880928
2020.3224044     7.858108     7.898256
2020.3415301     7.948802     7.903214
2020.3606557     8.002622     7.909503
2020.3797814     7.936017     7.913767
2020.3989071     7.974924     7.949092
2020.4180328     7.917369     7.983949
2020.4371585     7.970760     8.020904
2020.4562842     7.891409     8.050787
2020.4754098     8.041812     8.096405
2020.4945355     8.171826     8.142197
2020.5136612     8.281392     8.194192
2020.5327869     8.271577     8.238447
2020.5519126     8.346576     8.306601
2020.5710383     8.387052     8.370093
2020.5901639     8.385318     8.440673
2020.6092896     8.369062     8.521555
2020.6284153     8.504789     8.618246
2020.6475410     8.613242     8.708846
2020.6666667     8.807047     8.797391
2020.6857923     9.009335     8.900860
2020.7049180     9.141793     9.018599
2020.7240437     9.161978     9.144453
2020.7431694     9.183951     9.264620
2020.7622951     9.316545     9.364230
2020.7814208     9.428708     9.429904
2020.8005464     9.637479     9.458665
2020.8196721     9.694745     9.460456
2020.8387978     9.703535     9.447184
2020.8579235     9.600400     9.419130
2020.8770492     9.400644     9.372673
2020.8961749     9.178093     9.295588
2020.9153005     9.064506     9.227629
2020.9344262     9.064063     9.168141
2020.9535519     9.010590     9.109591
2020.9726776     8.943718     9.068424
2020.9918033     9.083115     9.040558
2021.0109589     9.132002     9.000872
2021.0301370     9.071300     8.949050
2021.0493151     8.955169     8.890246
2021.0684932     8.947210     8.800873
2021.0876712     8.863868     8.728360
2021.1068493     8.596015     8.631467
2021.1260274     8.473287     8.541811
2021.1452055     8.368134     8.463397
2021.1643836     8.148257     8.398662
2021.1835616     8.259967     8.350780
2021.2027397     8.264397     8.345468
2021.2219178     8.249438     8.354573
2021.2410959     8.364599     8.359525
2021.2602740     8.432927     8.376605
2021.2794521     8.548205     8.381590
2021.2986301     8.555232     8.384507
2021.3178082     8.412704     8.392202
2021.3369863     8.301975     8.366981
2021.3561644     8.304832     8.331781
2021.3753425     8.290649     8.296840
2021.3945205     8.318695     8.285496
2021.4136986     8.137612     8.301361
2021.4328767     8.116128     8.334374
2021.4520548     8.233736     8.373289
2021.4712329     8.453132     8.418562
2021.4904110     8.555488     8.472608
2021.5095890     8.599097     8.567895
2021.5287671     8.655062     8.684754
2021.5479452     8.698104     8.797854
2021.5671233     8.805111     8.866666
2021.5863014     8.995195     8.933894
2021.6054795     9.167859     9.022507
2021.6246575     9.251637     9.124146
2021.6438356     9.072438     9.238813
2021.6630137     9.160540     9.345177
2021.6821918     9.396618     9.439346
2021.7013699     9.569816     9.516432
2021.7205479     9.730100     9.597766
2021.7397260     9.762389     9.706899
2021.7589041     9.842716     9.800422
2021.7780822     9.861631     9.854855
2021.7972603     9.983651     9.861830
2021.8164384    10.054627     9.849196
2021.8356164    10.002249     9.854054
2021.8547945     9.886513     9.850477
2021.8739726     9.632597     9.814951
2021.8931507     9.616390     9.746423
2021.9123288     9.806113     9.661141
2021.9315068     9.810525     9.591847
2021.9506849     9.541892     9.533128
2021.9698630     9.366903     9.487521
2021.9890411     9.287088     9.433099
2022.0082192     9.378599     9.361351
2022.0273973     9.358048     9.286207
2022.0465753     9.222133     9.225499
2022.0657534     9.126591     9.165384
2022.0849315     9.160377     9.098532
2022.1041096     9.134230     9.002223
2022.1232877     8.995527     8.911903
2022.1424658     8.825860     8.837818
2022.1616438     8.685426     8.775634
2022.1808219     8.511813     8.723667
2022.2000000     8.545171     8.669655
2022.2191781     8.555366     8.616059
2022.2383562     8.566938     8.584716
2022.2575342     8.692676     8.565362
2022.2767123     8.648116     8.559989
2022.2958904     8.513164     8.537284
2022.3150685     8.543777     8.508330
2022.3342466     8.511239     8.481503
2022.3534247     8.463454     8.453241
2022.3726027     8.340826     8.440131
2022.3917808     8.294783     8.463724
2022.4109589     8.325487     8.489198
2022.4301370     8.438322     8.525178
2022.4493151     8.530124     8.588216
2022.4684932     8.725502     8.663322
2022.4876712     8.773046     8.740993
2022.5068493     8.835054     8.819515
2022.5260274     9.030796     8.884001
2022.5452055     9.016787     8.951832
2022.5643836     8.993822     9.024815
2022.5835616     9.032184     9.109182
2022.6027397     9.018693     9.187013
2022.6219178     9.140602     9.259381
2022.6410959     9.382347     9.347553
2022.6602740     9.532357     9.448434
2022.6794521     9.535530     9.562253
2022.6986301     9.682106     9.690004
2022.7178082     9.810332     9.797311
2022.7369863     9.901757     9.876221
2022.7561644    10.056554     9.932646
2022.7753425    10.168452     9.975307
2022.7945205    10.106366     9.984033
2022.8136986    10.092535     9.964282
2022.8328767    10.040184     9.933405
2022.8520548     9.919476     9.890237
2022.8712329     9.760642     9.854051
2022.8904110     9.632571     9.847293
2022.9095890     9.623861     9.839038
2022.9287671     9.668043     9.800080
2022.9479452     9.842779     9.761665
2022.9671233    10.045549     9.747379
2022.9863014    10.018242     9.736051
2023.0054795     9.689556     9.721776
2023.0246575     9.573742     9.684476
2023.0438356     9.632068     9.610569
2023.0630137     9.530624     9.504070
2023.0821918     9.495378     9.396260
2023.1013699     9.332346     9.323742
2023.1205479     9.177618     9.261337
2023.1397260     9.087058     9.180660
2023.1589041     9.047954     9.077317
2023.1780822     9.036894     8.983670
2023.1972603     9.012090     8.919562
2023.2164384     8.905982     8.867660
2023.2356164     8.600530     8.823842
2023.2547945     8.652553     8.803174
2023.2739726     8.755377     8.789471
2023.2931507     8.710498     8.779549
2023.3123288     8.692699     8.798580
2023.3315068     8.861944     8.865783
2023.3506849     8.913568     8.921445
2023.3698630     8.922785     8.957282
2023.3890411     9.077268     8.997605
2023.4082192     9.205353     9.045373
2023.4273973     9.153511     9.090529
2023.4465753     9.077915     9.139231
2023.4657534     9.073406     9.197726
2023.4849315     9.122606     9.254385
2023.5041096     9.268354     9.305165
2023.5232877     9.351883     9.400579
2023.5424658     9.449236     9.512320
2023.5616438     9.587199     9.624280
2023.5808219     9.662376     9.734035
2023.6000000    10.012233     9.836485
2023.6191781    10.083584     9.941859
2023.6383562    10.081047    10.054839
2023.6575342    10.110403    10.176693
2023.6767123    10.190405    10.319641
2023.6958904    10.300247    10.441334
2023.7150685    10.466053    10.568902
2023.7342466    10.683890    10.671403
2023.7534247    10.948909    10.748867
2023.7726027    11.107471    10.798833
2023.7917808    11.231692    10.831761
2023.8109589    11.003562    10.839653
2023.8301370    10.807571    10.812702
2023.8493151    10.640101    10.757167
2023.8684932    10.596599    10.686432
2023.8876712    10.537087    10.593702
2023.9068493    10.441323    10.519187
2023.9260274    10.449097    10.468386
2023.9452055    10.470860    10.429243
2023.9643836    10.397115    10.392500
2023.9835616    10.332929    10.369719
2024.0027322    10.350359    10.345658
2024.0218579    10.287815    10.299648
2024.0409836    10.265915    10.245244
2024.0601093    10.332057    10.196879
2024.0792350    10.224773    10.140471
2024.0983607    10.035008    10.073537
2024.1174863     9.981221    10.022037
2024.1366120     9.961837     9.995831
2024.1557377     9.825257     9.966000
2024.1748634     9.747952     9.914217
2024.1939891     9.824316     9.864165
2024.2131148    10.030059     9.805282
2024.2322404    10.063575     9.736533
2024.2513661     9.758725     9.680299
2024.2704918     9.584541     9.642121
2024.2896175     9.451272     9.607190
2024.3087432     9.343095     9.566340
2024.3278689     9.319157     9.530576
2024.3469945     9.404348     9.521950
2024.3661202     9.509936     9.536049
2024.3852459     9.662406     9.543303
2024.4043716     9.741700     9.558033
2024.4234973     9.681097     9.576683
2024.4426230     9.711428     9.609841
2024.4617486     9.516556     9.629131
2024.4808743     9.475668     9.634967
2024.5000000     9.487005     9.630924
2024.5191257     9.702770     9.634118
2024.5382514     9.683550     9.637076
2024.5573770     9.714931     9.673801
2024.5765027     9.705313     9.731368
2024.5956284     9.709843     9.805651
2024.6147541     9.738044     9.872609
2024.6338798     9.847082     9.951315
2024.6530055     9.993777    10.035116
2024.6721311    10.155548    10.131007
2024.6912568    10.305388    10.239719
2024.7103825    10.391913    10.351201
2024.7295082    10.469140    10.447712
2024.7486339    10.568330    10.508971
2024.7677596    10.688250    10.552936
2024.7868852    10.741380    10.609289
2024.8060109    10.715685    10.670184
2024.8251366    10.545110    10.712733
2024.8442623    10.551232    10.723468
2024.8633880    10.812562    10.709188
2024.8825137    10.939967    10.706691
2024.9016393    10.852083    10.708617
2024.9207650    10.664941    10.707964
2024.9398907    10.559734    10.727555
2024.9590164    10.718902    10.695563
2024.9781421    10.733019    10.635321
2024.9972678    10.539234    10.560898
2025.0164384    10.556619    10.387026
2025.0356164    10.458034    10.262620
2025.0547945    10.256700    10.147789
2025.0739726    10.011603    10.076232
2025.0931507     9.822093    10.060155
2025.1123288     9.723657     9.985260
2025.1315068     9.814370     9.917819
2025.1506849     9.966783     9.862233
2025.1698630     9.931537     9.824453
2025.1890411     9.882559     9.788291
2025.2082192     9.851071     9.765323
2025.2273973     9.756419     9.717945
2025.2465753     9.671584     9.657411
2025.2657534     9.496638     9.616517
2025.2849315     9.516942     9.576187
2025.3041096     9.387970     9.543580
2025.3232877     9.421975     9.520565
2025.3424658     9.563498     9.497201
2025.3616438     9.519588     9.486614
2025.3808219     9.557610     9.471513
2025.4000000     9.549276     9.474158
2025.4191781     9.461314     9.477383
2025.4383562     9.401353     9.471395
2025.4575342     9.381034     9.494340
2025.4767123     9.411772     9.516040
2025.4958904     9.451005     9.538314
2025.5150685     9.509604     9.586615
2025.5342466     9.726095     9.650321
2025.5534247     9.752906     9.728501
2025.5726027     9.749745     9.806840
2025.5917808     9.896022     9.897239
2025.6109589     9.974705     9.997415
2025.6301370    10.084653    10.088799
2025.6493151    10.116820    10.181084
2025.6684932    10.264599    10.275690
2025.6876712    10.411192    10.367379
2025.7068493    10.548552    10.446524
2025.7260274    10.583470    10.532574
2025.7452055    10.601195    10.650423
2025.7643836    10.721221    10.757006
2025.7835616    10.687014    10.841368
2025.8027397    10.859103    10.889634
2025.8219178    11.177457    10.922914
2025.8410959    11.223849    10.957232
2025.8602740    11.170453    10.971940
2025.8794521    10.982940    10.966493
2025.8986301    10.882992    10.919561
2025.9178082    10.910061    10.834023
2025.9369863    10.853592    10.736499
2025.9561644    10.637990    10.636370
2025.9753425    10.436717    10.536007
2025.9945205    10.407616    10.447635
2026.0136986    10.346134    10.355570
2026.0328767    10.269292    10.251785
2026.0520548    10.079673    10.168470
2026.0712329    10.087638    10.104686
2026.0904110    10.081481    10.049769
2026.1095890     9.919524    10.004208
2026.1287671     9.888152     9.957806
2026.1479452     9.862667     9.915531
2026.1671233     9.913360     9.840999
2026.1863014     9.936089     9.781415
2026.2054795     9.851667     9.728116
2026.2246575     9.699197     9.674750
2026.2438356     9.416856     9.618274
2026.2630137     9.545226     9.586722
2026.2821918     9.439829     9.561104
2026.3013699     9.407858     9.545194
2026.3205479     9.354380     9.548129
2026.3397260     9.629395     9.598390
2026.3589041     9.705531     9.627519
2026.3780822     9.708474     9.665362
2026.3972603     9.725609     9.716064
2026.4164384     9.869204     9.778585
2026.4356164     9.807390     9.836852
2026.4547945     9.780417     9.881756
2026.4739726     9.864178     9.923504
2026.4931507     9.917067     9.965943
2026.5123288    10.153803     9.991079
2026.5315068    10.109659    10.061692
2026.5506849    10.084212    10.153882
2026.5698630    10.107561    10.190095
2026.5890411    10.095427    10.229099
2026.6082192    10.442904    10.241648
2026.6273973    10.610126    10.268046
